695 27 141 6 897 65 271 529 918 896 
358 217 168 58 717 478 327 683 402 61 
189 296 648 842 763 690 605 994 397 401 
550 433 250 400 705 751 728 761 68 674 
975 931 848 718 326 485 17 12 1 989 
835 480 719 702 251 393 487 379 231 157 
283 563 664 210 182 488 978 225 662 559 
359 160 793 296 982 254 497 531 27 143 
142 741 571 594 66 960 762 6 649 46 
854 147 760 71 17 283 2 79 850 489 
584 731 14 735 381 889 977 324 720 874 
227 85 792 498 886 10 56 541 405 145 
689 918 328 589 773 751 244 644 970 717 
635 239 580 741 400 35 992 156 543 943 
352 632 532 829 121 603 856 145 726 453 
843 680 723 19 30 161 572 501 718 19 
185 919 271 351 873 910 762 638 494 808 
195 239 394 710 515 900 511 253 454 608 
720 787 395 562 635 509 607 337 20 227 
90 520 152 366 227 682 782 575 633 342 
412 786 618 34 85 187 255 123 770 351 
24 785 464 62 745 356 663 214 194 800 
767 860 910 224 28 147 289 487 818 404 
33 328 171 894 516 97 863 655 249 377 
615 397 9 907 186 233 228 906 457 82 
260 185 48 260 86 200 724 535 687 672 
953 519 251 686 441 66 148 696 986 910 
300 605 490 889 412 798 770 871 518 111 
318 68 809 623 876 155 702 15 769 130 
229 71 577 400 8 152 908 889 449 205 
660 121 577 929 734 275 763 943 690 613 
